198901	9.84905913978	1020.35752688	51.3830645161
198902	5.50134128167	1023.99552906	55.5618479881
198903	13.2685060565	1015.90309556	55.1197846568
198904	19.266620306	1014.45062587	53.2294853964
198905	23.3160161507	1023.9717362	56.9663526245
198906	25.3611961057	1012.56189152	44.5632823366
198907	27.9508748318	1014.68640646	38.9650067295
198908	27.8053835801	1013.487214	44.9744279946
198909	23.5783031989	1015.89012517	41.4005563282
198910	20.6347240915	1017.39703903	49.8855989233
198911	14.3240611961	1016.85952712	52.3324061196
198912	3.63405114401	1022.51816958	51.99730821
199001	10.9197846568	1017.98788694	51.6366083445
199002	12.0019374069	1018.07898659	51.7198211624
199003	14.2619111709	1017.91520861	52.3189771198
199004	17.6993045897	1015.18636996	52.1335187761
199005	22.7574697174	1010.92193809	48.3499327052
199006	28.8235048679	1012.79137691	44.8789986092
199007	28.0095558546	1015.52759085	34.9448183042
199008	28.9760430686	1015.21399731	18.5450874832
199009	26.5101529903	1015.21696801	21.7246175243
199010	18.9051144011	1017.32570659	43.9461641992
199011	15.5645340751	1018.40890125	48.2712100139
199012	6.48304172275	1020.12247645	48.8169582773
199101	5.72059219381	1020.93405114	42.5127860027
199102	11.7761549925	1020.04172876	44.8807749627
199103	15.6484522207	1011.49663526	55.7012113055
199104	19.7948539638	1011.1418637	42.6940194715
199105	23.6632570659	1012.14401077	39.0376850606
199106	27.0151599444	1013.054242	42.1557719054
199107	29.1753701211	1014.68506057	47.7927321669
199108	27.8440107672	1015.34320323	34.1440107672
199109	23.3271210014	1017.63004172	33.3616133519
199110	19.8751009421	1015.4320323	43.4993270525
199111	10.6692628651	1020.61752434	46.528511822
199112	9.87590847914	1021.52489906	32.9488559892
199201	7.96056527591	1020.07267833	28.7806191117
199202	12.2338129496	1016.43165468	34.2661870504
199203	15.1834454913	1014.79407806	35.6366083445
199204	18.8109874826	1014.22253129	29.8915159944
199205	21.5438172043	1015.3172043	30.1478494624
199206	26.0695410292	1009.78025035	35.1251738526
199207	28.7632214765	1013.90067114	52.2013422819
199208	26.2982503365	1016.55450875	29.3445491252
199209	25.1490959666	1015.29763561	35.2378303199
199210	20.548655914	1016.36827957	32.4663978495
199211	11.7771905424	1016.76773296	46.0375521558
199212	9.65033647376	1019.27456258	37.6218034993
199301	7.62917974003	1020.58897355	35.0138951143
199302	9.95349875931	1018.30074442	38.8253101737
199303	13.8912147019	1016.37830569	45.7162707306
199304	18.0266327003	1011.72116721	51.2825382121
199305	22.123297491	1011.66532258	44.2988351254
199306	26.6695229273	1011.70680871	45.5863825845
199307	29.719497983	1012.62931421	55.7144778126
199308	29.8351411923	1013.98969072	38.346033169
199309	25.2063918481	1015.07827698	34.8244557666
199310	18.4856118333	1016.46436576	37.7319587629
199311	11.058545623	1019.64011116	40.0782769801
199312	10.4328552219	1019.054684	42.1846705513
199401	8.58852532497	1020.54728821	44.58404303
199402	9.95464019851	1023.3528536	45.629280397
199403	15.5483191394	1015.63155536	46.7512326311
199404	19.2173228346	1013.83835109	51.4455766559
199405	22.2188256387	1017.38727028	36.0712684895
199406	28.4645206114	1011.32329782	40.8105604447
199407	29.2034065442	1013.3388615	41.825638727
199408	28.6131331242	1014.30479606	36.3034513671
199409	23.9111162575	1015.62389995	35.2376100046
199410	20.1342447333	1013.64007172	39.23890632
199411	15.107642427	1016.6229736	45.2904122279
199412	10.5268817204	1019.75268817	34.8369175627
199501	9.37612007168	1018.04928315	43.4892473118
199502	11.7398014888	1018.9751861	41.7682382134
199503	13.7297491039	1016.21953405	47.7356630824
199504	18.6007407407	1010.77731481	51.0078703704
199505	23.0110264455	1009.74047512	51.9946212461
199506	25.6506034483	1012.28275862	46.3543103448
199507	28.835655914	1012.53849462	41.8068817204
199508	28.3112763321	1011.69971086	37.209417596
199509	24.5637592673	1014.41953772	38.5460095944
199510	20.0072813442	1014.58552348	44.7776820336
199511	13.5323016565	1018.31037489	45.1198779425
199512	10.0072884013	1063.80681818	43.78330721
199601	7.68753552578	1016.71335769	53.4076329679
199602	11.7894553377	1017.21045752	49.3725490196
199603	12.3136596921	1016.08764311	56.92183182
199604	18.6223255814	1012.82071882	59.5729386892
199605	25.7954751131	1067.88423831	65.516214178
199606	27.203823178	1012.53524492	48.0625248905
199607	29.104610616	1918.43355289	42.0166602092
199608	26.641791565	1575.3081213	41.4241896131
199609	23.316133829	1623.3669145	37.9933085502
199610	19.3619387028	1664.75196009	43.0766215253
199611	13.131322343	1584.30445458	47.9957909505
199612	10.5375381098	1171.72027439	48.2705792683
199701	7.33707264957	1403.47257835	45.2596153846
199702	9.50159970238	1823.48102679	44.2414434524
199703	15.4600919053	1466.82290562	45.7624602333
199704	15.8763933262	1682.15583955	55.3340433085
199705	21.2995518787	1549.3478111	44.7394002068
199706	24.9376852505	1625.89096683	41.1820748059
199707	28.3491150442	1115.27835881	40.9179404666
199708	27.6761793372	1375.15906433	39.9255360624
199709	26.3214896215	1232.69190069	38.4932844933
199710	20.0770491803	1462.27254098	43.0884562842
199711	11.724432474	1403.60023086	40.2712581762
199712	7.76911487759	1560.87495292	42.2286252354
199801	10.3454979536	1682.46589359	49.57946794
199802	10.6193521935	1523.23903239	41.8343583436
199803	12.8864504505	1541.06918919	58.0068468468
199804	18.1139457203	1222.23590814	49.6409185804
199805	25.7093836978	1116.53996024	48.1928429423
199806	29.0536695367	1157.06519065	60.6863468635
199807	31.1058606557	1211.73934426	47.6631147541
199808	28.6716746795	1132.88741987	35.8601762821
199809	26.9081530139	1308.64296754	37.0444358578
199810	20.7998504673	1372.06242991	46.8272897196
199811	14.7159897548	1519.48774241	41.6860592755
199812	8.78777032066	1516.21737509	41.221103654
199901	9.74271993853	1399.54898194	46.8551671149
199902	14.5389540126	1794.73444545	48.2493237151
199903	14.06176906	2511.34159882	49.4537379719
199904	20.0723328025	2159.85947452	53.4418789809
199905	22.9569465082	2393.5397474	49.4167904903
199906	26.3041974349	2279.93781578	50.9572483482
199907	28.41724	1797.9676	46.3596
199908	30.756516184	1322.42632027	35.781516184
199909	25.5242640875	1500.70311186	42.0340622372
199910	19.8395484341	1508.03241078	86.134377276
199911	16.4954268293	1372.64824695	52.5579268293
199912	10.6474082073	1630.49856012	71.0529157667
200001	10.6099718111	1788.60641297	86.1902748414
200002	14.923245283	1811.44603774	72.1366037736
200003	16.8617329737	2143.5687795	101.473364801
200004	19.4268419232	2192.04012452	92.9730197164
200005	25.0130800269	2010.66577001	101.169132482
200006	25.5734177215	2423.28047968	91.4397068621
200007	29.9876854599	1309.57121662	114.215504451
200008	30.697728965	1338.58525689	112.398734177
200009	26.536593786	1426.33563483	150.081319524
200010	20.1477228993	2360.40635022	59.9073123797
200011	11.1833007175	2578.53261579	69.0782778865
200012	5.16388097499	2636.91231402	139.574232352
200101	6.37044415415	2287.81025474	79.5401698236
200102	10.8678496135	2514.61806044	100.813070977
200103	11.2004012036	2169.02875293	131.877967235
200104	19.7744952179	2119.10237336	94.9606801275
200105	23.1667460858	2079.83321988	128.071136828
200106	27.0562125749	1590.84917665	120.101796407
200107	29.8458641064	1417.55576071	77.0572378139
200108	28.3508379888	1851.67946927	175.30551676
200109	23.6295087845	1916.27465041	254.291502331
200110	18.7839915374	1774.05430183	179.306770099
200111	15.0109612142	2366.01382799	212.146037099
200112	10.7125127162	2117.72465242	250.653102747
200201	9.54771174863	1999.97677596	164.651639344
200202	8.61965845909	1642.49166005	57.624305004
200203	13.1847495961	2458.64846527	66.5001615509
200204	20.2129779025	2154.68326903	56.0929498422
200205	22.6900610583	2070.39755767	55.4596336499
200206	26.4866837858	1796.72083639	44.9126925899
200207	26.8068965517	2138.48411089	41.6646382691
200208	28.7995167286	1294.10334572	41.6914498141
200209	25.1975482912	1536.51188707	35.7005943536
200210	18.0875039949	2424.67401726	36.2713326942
200211	12.0063759619	1651.32685966	40.895932576
200212	9.57404009514	2006.5446823	43.3217804961
200301	7.46024604569	1720.55043937	42.0520210896
200302	8.69476225854	2097.27748886	50.2362555721
200303	13.9749652295	1806.07545202	44.1745479833
200304	20.1853026988	1628.24434719	54.6710430343
200305	24.449368864	1744.95932679	49.5459326788
200306	25.4924750357	1587.44793153	43.0695435093
200307	28.149787234	1125.9787234	42.95
200308	28.5307719928	1207.51921005	45.8775583483
200309	23.3409288824	1259.09760522	35.8639332366
200310	20.2351753454	1501.70634077	35.2316684378
200311	15.0566431095	1506.44169611	48.2537102473
200312	10.5950126491	1204.26490784	48.7029273581
200401	10.1680851064	1909.64344544	43.7100205903
200402	8.52416607523	2153.17885025	45.6749467708
200403	16.6520026481	2198.3243959	50.7447864945
200404	18.3447027566	2022.61175689	50.1165725673
200405	22.9116168046	1848.05315086	55.908975175
200406	25.3862574011	2211.37799938	44.9015269554
200407	27.3538587849	1609.38325123	41.2538587849
200408	26.7637319317	1527.88140604	37.8373850197
200409	25.1036731892	1455.27531754	40.2945417096
200410	21.7691331269	2031.0250774	39.800619195
200411	14.050382578	2539.9393761	43.1253678634
200412	9.72206829897	1741.03865979	48.2809278351
200501	10.8361511829	2616.50317369	42.9815349106
200502	11.3169980757	2113.26972418	38.7787042976
200503	14.1373660031	1356.61653905	45.5338437979
200504	19.0007445008	1633.56514382	53.5306260575
200505	22.1640870617	2283.75846433	67.2950423216
200506	27.4520792079	1656.99306931	46.6663366337
200507	28.352018082	1323.88182112	39.6063932838
200508	28.3015816656	1337.71755972	37.7511297611
200509	27.6774728997	1613.58265583	37.8468834688
200510	19.9132456703	1410.84733804	37.5455420141
200511	16.234635149	1182.9938335	42.5227817746
200512	9.3125167336	1601.89190094	41.2111780455
200601	12.9512252434	1406.38402148	55.1070829137
200602	10.4334660033	1673.95157546	47.9721393035
200603	16.8460018243	1438.01489815	53.0529036181
200604	22.1420386198	2044.30009497	65.2367837923
200605	24.6950259384	2182.3497101	55.0457735734
200606	27.8213301982	1532.4437353	42.2734296271
200607	29.2529637937	1719.09035566	44.5587952579
200608	30.3590761223	1483.21177619	166.34027326
200609	24.6609471294	1879.06746675	114.284787545
200610	20.368922229	2133.65523576	114.852418861
200611	14.972181645	2072.30422356	74.9317243569
200612	10.549894483	2257.50949653	91.6786252638
200701	6.08194726166	2627.17965807	97.4233555491
200702	10.1031613977	2320.45424293	100.819966722
200703	17.4858352144	2810.80840858	86.1204853273
200704	16.9637207909	2548.47034152	91.7507489515
200705	22.2788083041	3101.8320302	60.6524669722
200706	25.65285182	2917.71080539	98.2109486959
200707	26.1109482997	2894.13464197	114.209565939
200708	28.25829486	2147.19021237	106.822099107
200709	25.7564143682	2057.65522771	84.2049390635
200710	21.5512440945	1937.05952756	109.156850394
200711	15.0573411474	2301.66409624	107.113201727
200712	10.3556446991	2633.66561605	126.019197708
200801	8.72246287129	2076.38087871	195.036819307
200802	12.7103211009	2198.37287025	213.440694626
200803	15.4323397914	2377.40625931	100.652459016
200804	19.6708136978	2226.73704053	98.2510210493
200805	24.6432556714	2155.5015328	96.7532188841
200806	29.049681315	1710.74002013	107.980207984
200807	29.0724552846	1731.96422764	116.339512195
200808	27.7304998503	2331.96827297	115.290631547
200809	24.7759661017	1638.86169492	145.096610169
200810	20.2682575272	1841.09449071	121.236386931
200811	15.3964425587	1982.53426893	89.2265013055
200812	10.4413686806	2231.09710234	76.5221948212
200901	9.13623910336	2053.82907846	123.679327522
200902	14.3611111111	1860.21514508	88.9033970276
200903	15.1920961204	2664.03126809	69.9050376375
200904	19.048953202	2423.46059113	75.8759236453
200905	23.000262085	2564.03873034	101.661036692
200906	28.3261594928	1810.60193527	103.37037037
200907	29.4454603992	1793.70186735	136.396007727
200908	29.3837116155	1457.25100134	142.373164219
200909	23.4129734566	2619.15031315	116.730688935
200910	17.9510165356	3061.36785037	62.6519381946
200911	14.7240763932	2274.88008766	60.7554790232
200912	6.40042541123	2788.06891662	58.4628474192
201001	7.67569124424	2651.41964286	85.439516129
201002	6.31971358927	2957.65051798	59.0390006094
201003	13.2509399636	2239.81140085	86.1352334748
201004	19.1206803939	2607.41330946	70.8257236646
201005	23.7205282113	2332.42376951	88.4306722689
201006	28.1534606953	2272.22455371	89.8227372377
201007	27.8169511137	2593.56638704	72.4810529361
201008	30.636907563	1479.57579832	131.974789916
201009	25.5879196643	2577.70203837	140.331534772
201010	20.3720646438	1576.37895778	139.474604222
201011	15.0452607412	1920.82256478	160.699901607
201012	10.4367327668	2004.31098521	67.1520302172
201101	7.44386484884	2407.72080616	55.7880853586
201102	10.1715605411	2717.88056747	286.698119433
201103	16.7727412415	2141.0872772	86.3693915181
201104	22.5113643764	1933.48974275	98.3653533051
201105	23.6090115373	2021.34268787	90.6398503274
201106	29.9335803301	1697.17480633	110.902660829
201107	31.6931887496	1330.80718401	94.3093866486
201108	32.4639105388	1348.16909522	163.049474754
201109	26.8029065744	1563.41695502	129.396539792
201110	20.0764130092	1920.41395643	103.986738238
201111	15.0190400509	2150.59663064	126.979338843
201112	9.05164027149	2762.62386878	55.1365950226
201201	11.0127742711	2303.45746919	73.4478509167
201202	12.0854928704	2579.94234346	64.2486050837
201203	17.5322880372	2600.03484321	64.9567363531
201204	21.8312922978	2014.06767644	93.1115049952
201205	24.515450908	2125.99138196	109.61895968
201206	28.2832778148	1755.76015989	114.09526982
201207	29.2469740634	1795.8113993	129.421389689
201208	29.6833721317	1477.88992351	256.904888593
201209	25.1992414665	2164.27939317	89.3675726928
201210	19.6401450646	1958.24471775	90.0810469883
201211	15.950829302	1435.52937111	73.8583275743
201212	11.5733516484	2197.72222222	55.0821123321
201301	9.94835329341	2385.53652695	66.3790419162
201302	12.0212736179	1929.91252624	124.230930721
201303	14.9708001275	1838.03219637	109.01944533
201304	17.3707923833	2411.70884521	110.893120393
201305	22.8836374514	2348.3661382	56.3446006581
201306	27.8235833606	1980.06256142	65.2174909925
201307	28.2493150685	2020.57347447	42.2334993773
201308	29.9191146881	1429.4305835	40.6938296445
201309	27.0253721683	2021.41197411	48.2731391586
201310	20.6660598943	2497.27099237	42.6732237228
201311	12.4041167435	2444.28294931	158.131182796
201312	6.99943620178	2493.64362018	54.971810089
201401	8.20583441982	1848.60821382	94.639178618
201402	8.92254443405	2921.33707515	54.4334268787
201403	13.2428831563	2275.25493171	76.386646434
201404	19.7802627363	2065.82986222	68.2931752643
201405	23.3170516717	2230.84589666	62.8042553191
201406	27.0872631252	2306.45355701	135.634979807
201407	28.2092168869	1897.66999678	58.138575572
201408	29.607712766	1523.74035904	68.810837766
201409	25.8256872038	2169.87077409	57.7560821485
201410	22.5964147287	1754.02583979	62.6560077519
201411	11.8693915757	2272.13790952	55.760374415
201412	11.133107536	2778.35421959	43.9026248942
