1989	14.352198648	763.424644148	37.058228885
1990	10.1416495381	508.229125989	19.1359706046
1991	9.67283271591	507.981090706	19.9275074549
1992	9.86417712028	508.455694665	17.9710451823
1993	10.069110113	508.087613803	20.0380108999
1994	10.0337555152	508.400647587	20.2349108205
1995	10.2361578682	507.522311328	20.6331230391
1996	10.016935446	587.133130846	26.4957099962
1997	9.97454564692	714.146487042	20.7412738329
1998	10.606221349	674.080528321	22.9397207661
1999	10.7349368881	776.951072525	25.4511705439
2000	10.6214047807	906.938067526	54.0261422215
2001	9.86468643054	1022.5499282	54.6456510275
2002	9.83443478416	950.024568265	30.2751195809
2003	9.78918659117	793.710794638	23.7777342269
2004	9.93638595056	876.48188019	21.0951899429
2005	10.4061527606	783.432583318	19.3949859059
2006	10.82918535	924.403787913	39.8306111718
2007	9.84287446526	1191.40707364	53.1530006467
2008	10.3832620167	933.11784853	74.9275192677
2009	9.70125431803	1090.0291821	53.204025602
2010	9.89547978333	1126.24595908	53.8401819072
2011	10.6276603327	944.429322134	50.1389016511
2012	10.74466116	1015.95207891	59.0322883644
2013	10.2339709429	1070.65559763	24.6020453257
2014	10.2806175366	1009.60435489	33.0361757279
