1989	Fall	19.5123628288	1016.71556377	47.8728537904
1989	Spring	14.1942121522	679.47412069	36.731946007
1989	Summer	18.5854194706	676.057873487	27.9798115747
1989	Winter	5.11680014048	681.451018647	35.6483041681
1990	Fall	15.1384224638	677.514224867	21.8902605745
1990	Spring	13.4855914357	675.369436017	33.4944838271
1990	Summer	19.2665159788	676.001791407	21.1413620308
1990	Winter	6.16165970988	679.40048768	33.5122598132
1991	Fall	14.4007406478	677.687358007	25.6203134681
1991	Spring	14.4860370099	674.428624823	27.2439015107
1991	Summer	19.0064602961	676.676087933	27.3122476447
1991	Winter	5.19883355765	680.819650067	25.153880664
1992	Fall	15.2325839602	677.221971727	22.5680760565
1992	Spring	13.4516015623	676.513245197	20.0131218189
1992	Summer	18.3538239377	676.818393297	27.1819638024
1992	Winter	5.87030058322	679.782413637	22.1341408703
1993	Fall	14.5640012271	677.180880913	24.1854715098
1993	Spring	13.3833100638	674.462163263	31.8604577792
1993	Summer	19.8515463918	675.53966831	31.3535036605
1993	Winter	5.86089283311	679.62990599	24.6130684293
1994	Fall	14.6817869969	676.42132389	24.8255054415
1994	Spring	13.8120494911	677.075207123	29.1722817151
1994	Summer	19.2721798895	675.881219187	26.0430300314
1994	Winter	6.18105517449	681.30004727	30.071107809
1995	Fall	14.8570135372	676.3350204	27.774563876
1995	Spring	13.8705890621	673.505929977	34.3341638722
1995	Summer	19.0489774154	674.746068493	26.3387664388
1995	Winter	7.03864052016	679.008156417	28.4191618417
1996	Fall	14.2260241773	1096.03962486	27.0233100252
1996	Spring	14.8059335648	693.568319043	41.6963842891
1996	Summer	18.7694779313	976.98959927	30.0263950332
1996	Winter	6.49233028783	677.97460507	34.2600606625
1997	Fall	15.4661796006	898.321480557	27.1939135925
1997	Spring	12.391981735	1077.16788355	33.3578145051
1997	Summer	18.6750981271	830.145807713	26.9478255097
1997	Winter	5.75690485999	1128.1186599	28.8233562293
1998	Fall	15.9026678271	893.568465817	27.9572418591
1998	Spring	14.6077764727	779.591956127	32.6112538409
1998	Summer	20.0531767308	789.601511637	36.1164872059
1998	Winter	6.46904083805	1013.15213583	27.6851539992
1999	Fall	15.1212708405	1002.91184088	42.7228131711
1999	Spring	14.3430931036	1517.79974064	34.2862231571
1999	Summer	19.7245853947	1040.13130676	27.3803720613
1999	Winter	8.09389131704	1064.76114246	31.7014969433
2000	Fall	15.5614388951	1262.24732835	69.9962106346
2000	Spring	14.8133073167	1400.90196484	64.7140507328
2000	Summer	20.228471475	882.718824503	75.5380795427
2000	Winter	6.69570875266	1482.78611725	70.5702787085
2001	Fall	14.1378334406	1230.10965075	144.532757477
2001	Spring	14.3137471012	1399.64519775	74.3439389852
2001	Summer	19.3989006984	1089.74507666	84.1209181913
2001	Winter	5.74609792255	1600.80943839	60.1177469335
2002	Fall	14.428350762	1320.39530144	23.9906423493
2002	Spring	14.3010129869	1408.36027557	37.1841944974
2002	Summer	18.5354710934	1144.19581887	27.7853626944
2002	Winter	6.37391728126	1335.50715275	69.32447328
2003	Fall	14.5253680759	920.267981997	23.6985338915
2003	Spring	14.8782238543	1124.40122466	34.7389919044
2003	Summer	18.8935197423	777.832644483	29.6091861161
2003	Winter	5.38500276808	1272.60930941	30.7627588872
2004	Fall	15.624268772	1162.10013165	26.6983869682
2004	Spring	13.7521065204	1290.22163592	35.3418492474
2004	Summer	18.0391969055	1045.75488576	26.3637479349
2004	Winter	6.08207812473	1298.07250335	31.3186248686
2005	Fall	15.8635728567	1008.14333129	25.1308084943
2005	Spring	13.7216105208	1305.77453605	40.275222793
2005	Summer	18.8845332492	887.199793613	25.785841015
2005	Winter	6.87650493643	1238.38720837	26.6632941144
2006	Fall	15.0099564528	1337.57423417	76.379068802
2006	Spring	15.6123548527	1408.88326836	40.0941857886
2006	Summer	19.870679972	1067.43404395	70.299689506
2006	Winter	7.83370657547	1221.29783934	48.9285693925
2007	Fall	15.7692194876	1331.57158509	64.4539298192
2007	Spring	13.2548811728	1970.88014626	48.9243174332
2007	Summer	18.1230810532	1680.44161811	73.677221682
2007	Winter	5.47919732025	1753.61509137	74.4808510857
2008	Fall	15.0147412096	1159.98539521	88.7776657
2008	Spring	14.7713564564	1460.74619111	65.0014133111
2008	Summer	19.3740455332	1147.56808259	74.7732400597
2008	Winter	7.14426132406	1424.91791632	136.159171311
2009	Fall	13.7879966641	1893.50605451	59.7942090432
2009	Spring	14.0164050957	1662.49977382	59.1789867791
2009	Summer	19.6097240049	1083.65095623	92.9230573153
2009	Winter	5.17888817153	1613.96599836	60.7140583137
2010	Fall	15.3199947694	1384.69366538	93.268712998
2010	Spring	14.2804028684	1646.61235966	53.0854653112
2010	Summer	19.5967894194	1250.60011734	73.9325090512
2010	Winter	4.6651349445	1869.69005361	48.1595055795
2011	Fall	15.6264398612	1161.27697048	77.79442601
2011	Spring	15.3734586379	1318.27747687	63.0017345442
2011	Summer	21.3856997628	892.992093077	85.7862871342
2011	Winter	5.49850170678	1723.44822498	36.9748934604
2012	Fall	14.946462177	1374.17470364	59.8162065604
2012	Spring	15.4489144019	1380.01968613	67.5768215584
2012	Summer	19.6434487317	1091.23377427	128.775426094
2012	Winter	7.88628150627	1592.55485523	39.7769058053
2013	Fall	15.8971440209	1506.22765549	30.3154542938
2013	Spring	13.4181432782	1586.69166114	55.745907017
2013	Summer	19.3894765855	1150.00135266	27.6424430073
2013	Winter	5.64926316506	1626.39338238	40.4502840017
2014	Fall	16.1407006442	1307.96553796	40.1373633001
2014	Spring	14.3657714693	1432.22525296	43.6991435278
2014	Summer	19.2723098843	1140.47011861	42.3164711127
2014	Winter	5.70945961796	1589.98176299	49.6908684989
